2501.03187
2501.03151
2501.03142
2501.29997
2501.03012
2501.02793
2501.02770
2501.02725
2501.02711
2501.02497
2501.02486
2501.02368
2501.02221
2501.02152
2501.01992
2501.03229
2501.03228
2501.03226
2501.03225
2501.03203
2501.03183
2501.03182
2501.03181
2501.03172
2501.03152
2501.03145
2501.03124
2501.03119
2501.03112
2501.03085
2501.03059
2501.03058
2501.03055
2501.03045
2501.03038
2501.03035
2501.03026
2501.03008
2501.02992
2501.02982
2501.02981
2501.02977
2501.02975
2501.02971
2501.02964
2501.02950
2501.02922
2501.02921
2501.02905
2501.02891
2501.02869
2501.02840
2501.02837
2501.02832
2501.02822
2501.02816
2501.02803
2501.02790
2501.02788
2501.02785
2501.02778
2501.02767
2501.02766
2501.02765
2501.02749
2501.02740
2501.02739
2501.02732
2501.02728
2501.02727
2501.02715
2501.02709
2501.02702
2501.02699
2501.02683
2501.02680
2501.02666
2501.02654
2501.02649
2501.02648
2501.02647
2501.02629
2501.02628
2501.02621
2501.02600
2501.02599
2501.02593
2501.02584
2501.02572
2501.02570
2501.02564
2501.02559
2501.02548
2501.02546
2501.02535
2501.02532
2501.02523
2501.02521
2501.02508
2501.02504